5278
4924
4616
6837
417
12308
12666
9952
8970
9088
8927
9114
12070
2400
1221
12161
4183
3126
6166
175
1747
11169
1745
9708
5203
1130
7333
11873
6174
13072
11561
7697
5107
2804
7960
10225
3321
8771
2156
1756
6589
5736
12332
6900
2504
3857
7929
8034
1997
13070
11436
2111
1207
12747
11722
12672
3922
12686
12058
10999
11908
6910
12706
2606
3468
2590
3775
8525
9543
11592
8740
11368
10702
3403
12534
5558
13627
4355
3497
6037
11024
12874
10307
10136
4175
11310
12646
368
8296
10859
8796
5117
5628
8175
13750
13249
4555
11296
41
5539
1806
3830
456
5334
945
10097
13067
6681
9006
5012
1492
3100
10576
997
9204
10273
4237
9264
13367
5262
7756
7940
3930
9529
5872
11965
12487
10357
11011
10934
13524
9741
7867
8822
188
1539
3984
2687
7447
6769
1431
5563
10224
8381
12213
4749
5893
9412
1074
6757
7784
10368
10143
2183
6823
12056
110
2045
5267
11801
12437
10585
5132
3041
5377
6668
9816
7060
1405
10643
12000
4889
3564
2276
168
11184
12962
280
12152
10979
6458
6971
11584
11755
5048
10444
9283
12639
6496
845
13560
8544
4589
11865
3341
4374
9138
4983
914
11288
