8298
18149
14362
15840
13660
8953
13976
11233
2604
4987
12798
350
14861
8638
546
14227
10181
7957
6450
16333
2845
3348
6641
6391
14295
2969
2739
12771
15210
10193
5052
2287
2673
1385
7284
16561
16829
11930
15890
6940
12012
12382
4705
151
10319
8292
2197
4726
11245
8787
14330
5264
697
5418
11512
1817
3489
15186
12193
11933
543
9127
4953
7247
1363
13688
2679
14965
40
16226
16390
2547
4032
17500
7486
2489
16677
8168
15957
10640
15008
3436
18286
3240
7805
7777
2911
14253
5157
10452
2344
10059
9937
16853
2964
6388
1800
10722
16978
11776
2980
11940
13269
11389
8680
13808
12885
14092
216
16812
7451
1704
15204
12979
5082
12871
11578
333
17326
10069
14966
4695
15465
10653
11889
14743
355
9496
4310
5103
13148
13517
9711
2731
2545
9005
7187
513
13113
5548
7813
7290
4804
15580
13667
18200
8597
18135
7034
2011
10667
2121
2171
17971
13423
16276
3878
14641
17069
7660
7671
15592
9909
5969
545
15806
10237
14293
14408
4154
9473
13892
1290
9999
13869
6531
11762
9033
4784
11150
16924
2744
15352
1448
9152
8413
1465
6399
804
5654
11963
10844
6614
12912
1352
243
1078
427
14126
9458
14606
13873
5454
13509
17208
16386
17503
4962
13476
6951
9008
8329
2531
9991
18209
3945
3773
7734
15945
3633
14340
8198
2603
10635
9164
1437
12932
17396
1730
13650
1302
985
16015
11866
9972
9669
9703
16885
6568
3440
2407
15617
7133
11696
14602
3063
13414
9507
17286
2253
6925
6891
5222
2792
15902
6748
934
1971
4706
878
6254
395
18050
11547
17550
1603
12905
11505
9853
4576
15189
3942
13451
11075
6256
15340
13587
2821
9963
10704
5897
652
3876
7355
11877
13067
1057
2306
16354
13764
11947
9009
887
7456
729
8579
8107
16901
2559
16153
